1 0.741 0.761 0.184 0.256
0 0.320 0.879 0.156 0.138
0 0.227 0.911 0.153 0.160
0 0.080 0.647 0.125 0.206
0 0.092 0.753 0.125 0.206
0 0.084 0.264 0.125 0.206
0 0.113 0.401 0.156 0.210
0 0.157 0.509 0.123 0.210
0 0.207 0.572 0.123 0.210
0 0.245 0.591 0.123 0.210
0 0.341 0.600 0.147 0.217
0 0.487 0.496 0.147 0.217
0 0.375 0.362 0.169 0.258
2 0.245 0.284 0.053 0.081
2 0.609 0.170 0.053 0.081
0 0.511 0.281 0.144 0.171
0 0.877 0.171 0.144 0.171
0 0.810 0.159 0.145 0.256
0 0.923 0.395 0.147 0.256
0 0.939 0.526 0.122 0.194
0 0.815 0.575 0.145 0.196
0 0.759 0.496 0.145 0.196
0 0.685 0.469 0.145 0.196
0 0.927 0.790 0.145 0.196
0 0.927 0.902 0.145 0.196
0 0.835 0.902 0.145 0.196
0 0.287 0.129 0.145 0.196
0 0.674 0.160 0.145 0.196
