1 0.320 0.375 0.236 0.296
0 0.215 0.585 0.170 0.212
0 0.545 0.622 0.142 0.252
0 0.486 0.635 0.109 0.250
0 0.436 0.685 0.109 0.250
0 0.397 0.723 0.109 0.250
0 0.352 0.731 0.109 0.250
0 0.776 0.562 0.170 0.212
0 0.696 0.537 0.170 0.212
0 0.816 0.738 0.170 0.212
0 0.949 0.797 0.102 0.215
0 0.944 0.285 0.113 0.200
0 0.916 0.177 0.169 0.204
0 0.637 0.270 0.180 0.231
0 0.555 0.096 0.183 0.188
0 0.634 0.884 0.180 0.231
0 0.362 0.905 0.170 0.190
0 0.180 0.159 0.148 0.227
0 0.382 0.094 0.145 0.183
