0 0.515 0.351 0.177 0.223
0 0.176 0.326 0.177 0.223
0 0.728 0.221 0.163 0.267
0 0.919 0.287 0.163 0.267
0 0.822 0.535 0.163 0.267
0 0.809 0.835 0.163 0.267
0 0.738 0.867 0.163 0.267
0 0.413 0.474 0.155 0.223
0 0.671 0.489 0.155 0.223
0 0.078 0.245 0.153 0.223
0 0.600 0.092 0.188 0.179
0 0.353 0.074 0.200 0.144
0 0.338 0.453 0.136 0.219
0 0.285 0.507 0.136 0.219
0 0.229 0.549 0.136 0.219
0 0.113 0.591 0.136 0.219
2 0.295 0.172 0.058 0.073
2 0.038 0.872 0.058 0.073
2 0.223 0.672 0.058 0.073
1 0.524 0.800 0.330 0.400
0 0.302 0.751 0.133 0.260
0 0.185 0.121 0.173 0.163
