0 0.784 0.830 0.192 0.215
0 0.517 0.455 0.178 0.165
0 0.610 0.653 0.158 0.219
0 0.659 0.326 0.181 0.223
0 0.680 0.096 0.180 0.188
0 0.144 0.886 0.188 0.227
0 0.087 0.673 0.156 0.196
0 0.106 0.190 0.194 0.208
0 0.238 0.076 0.170 0.148
0 0.409 0.076 0.170 0.148
0 0.869 0.266 0.166 0.219
0 0.580 0.736 0.166 0.219
0 0.347 0.807 0.159 0.177
0 0.380 0.225 0.195 0.254
0 0.938 0.382 0.125 0.202
0 0.077 0.376 0.150 0.194
2 0.476 0.867 0.086 0.100
2 0.871 0.523 0.098 0.133
1 0.250 0.517 0.328 0.412
