1 0.323 0.470 0.305 0.444
0 0.638 0.500 0.139 0.163
0 0.720 0.429 0.139 0.163
0 0.787 0.312 0.139 0.163
0 0.791 0.398 0.139 0.204
0 0.845 0.420 0.111 0.160
0 0.827 0.591 0.167 0.202
0 0.102 0.734 0.161 0.235
0 0.416 0.125 0.145 0.217
0 0.607 0.208 0.145 0.217
0 0.587 0.265 0.183 0.221
0 0.477 0.260 0.147 0.192
0 0.705 0.714 0.147 0.215
0 0.384 0.809 0.147 0.215
0 0.231 0.884 0.197 0.219
0 0.247 0.123 0.169 0.242
2 0.162 0.364 0.058 0.090
0 0.481 0.936 0.144 0.127
0 0.074 0.268 0.145 0.215
