1 0.423 0.696 0.233 0.321
1 0.095 0.202 0.188 0.237
0 0.216 0.879 0.220 0.212
0 0.174 0.699 0.133 0.198
0 0.723 0.224 0.169 0.223
0 0.161 0.407 0.169 0.223
0 0.408 0.234 0.169 0.223
0 0.350 0.414 0.169 0.223
0 0.555 0.159 0.169 0.223
0 0.870 0.461 0.169 0.223
0 0.897 0.307 0.169 0.223
0 0.873 0.174 0.169 0.223
0 0.889 0.932 0.166 0.135
0 0.062 0.790 0.122 0.233
2 0.840 0.823 0.055 0.075
2 0.904 0.800 0.055 0.075
2 0.579 0.942 0.055 0.075
2 0.206 0.295 0.056 0.065
0 0.679 0.761 0.148 0.194
2 0.812 0.683 0.055 0.075
