2 0.701 0.443 0.092 0.098
1 0.646 0.845 0.192 0.173
0 0.437 0.318 0.167 0.223
0 0.715 0.164 0.167 0.223
0 0.882 0.191 0.167 0.223
0 0.798 0.541 0.167 0.223
0 0.830 0.882 0.167 0.223
0 0.532 0.607 0.167 0.223
2 0.608 0.747 0.053 0.065
0 0.146 0.689 0.167 0.223
0 0.062 0.683 0.122 0.212
0 0.209 0.457 0.167 0.223
0 0.307 0.622 0.167 0.223
0 0.309 0.874 0.167 0.223
0 0.305 0.870 0.167 0.223
0 0.254 0.197 0.167 0.223
0 0.802 0.234 0.167 0.223
0 0.945 0.639 0.109 0.210
0 0.180 0.899 0.169 0.202
0 0.084 0.378 0.164 0.223
0 0.148 0.100 0.170 0.196
0 0.343 0.100 0.170 0.196
2 0.152 0.301 0.055 0.069
