1 0.249 0.588 0.367 0.412
0 0.716 0.575 0.189 0.225
0 0.884 0.327 0.189 0.225
0 0.655 0.758 0.166 0.204
0 0.795 0.752 0.166 0.204
0 0.902 0.623 0.166 0.204
0 0.917 0.800 0.166 0.204
0 0.634 0.192 0.166 0.204
0 0.577 0.192 0.166 0.204
0 0.497 0.154 0.166 0.204
0 0.428 0.140 0.166 0.204
0 0.258 0.090 0.175 0.175
0 0.076 0.484 0.148 0.277
0 0.491 0.919 0.159 0.163
0 0.358 0.919 0.159 0.163
0 0.080 0.081 0.158 0.158
0 0.398 0.365 0.183 0.167
0 0.823 0.908 0.250 0.183
0 0.298 0.244 0.134 0.229
0 0.783 0.090 0.197 0.175
