1 0.180 0.569 0.353 0.358
0 0.644 0.402 0.197 0.196
0 0.672 0.546 0.166 0.217
0 0.709 0.731 0.166 0.217
0 0.533 0.696 0.141 0.221
0 0.465 0.781 0.145 0.267
0 0.338 0.735 0.150 0.204
0 0.109 0.801 0.173 0.206
0 0.295 0.908 0.195 0.179
0 0.579 0.889 0.130 0.210
0 0.891 0.845 0.161 0.206
0 0.824 0.639 0.161 0.206
0 0.845 0.505 0.161 0.206
0 0.941 0.583 0.119 0.200
2 0.688 0.878 0.072 0.077
2 0.584 0.130 0.072 0.077
0 0.409 0.132 0.130 0.181
0 0.859 0.298 0.172 0.254
0 0.531 0.949 0.128 0.102
