1 0.698 0.562 0.302 0.371
1 0.600 0.866 0.231 0.269
2 0.848 0.741 0.059 0.090
2 0.111 0.222 0.059 0.090
0 0.302 0.417 0.206 0.292
0 0.236 0.743 0.169 0.244
0 0.084 0.822 0.166 0.244
0 0.184 0.924 0.175 0.152
0 0.875 0.103 0.131 0.202
0 0.822 0.151 0.131 0.231
0 0.773 0.186 0.133 0.231
0 0.705 0.228 0.133 0.231
0 0.626 0.291 0.133 0.231
0 0.934 0.703 0.133 0.231
0 0.946 0.850 0.108 0.233
0 0.216 0.157 0.114 0.219
0 0.288 0.154 0.130 0.217
0 0.508 0.143 0.147 0.219
0 0.412 0.713 0.177 0.246
