1 0.598 0.097 0.220 0.190
2 0.114 0.540 0.081 0.092
0 0.635 0.419 0.208 0.242
0 0.471 0.377 0.177 0.217
0 0.465 0.169 0.177 0.217
0 0.304 0.721 0.177 0.217
0 0.184 0.760 0.177 0.217
0 0.327 0.907 0.164 0.185
0 0.416 0.934 0.152 0.131
0 0.086 0.934 0.169 0.131
0 0.883 0.282 0.138 0.190
0 0.817 0.322 0.138 0.190
0 0.792 0.453 0.138 0.190
0 0.848 0.489 0.138 0.190
0 0.880 0.530 0.138 0.190
0 0.916 0.600 0.169 0.204
0 0.866 0.915 0.216 0.171
0 0.249 0.148 0.167 0.204
0 0.067 0.283 0.131 0.221
0 0.093 0.096 0.164 0.188
0 0.423 0.695 0.178 0.206
0 0.588 0.707 0.120 0.181
0 0.582 0.818 0.120 0.181
0 0.505 0.903 0.169 0.194
