1 0.277 0.828 0.341 0.344
0 0.619 0.849 0.156 0.194
0 0.155 0.498 0.145 0.250
0 0.770 0.917 0.136 0.167
0 0.788 0.358 0.136 0.167
0 0.777 0.698 0.136 0.167
0 0.723 0.694 0.142 0.208
0 0.505 0.826 0.142 0.227
0 0.923 0.230 0.142 0.202
0 0.829 0.291 0.142 0.202
0 0.636 0.442 0.097 0.171
0 0.566 0.467 0.103 0.196
0 0.545 0.236 0.181 0.227
0 0.549 0.072 0.164 0.140
0 0.621 0.171 0.161 0.233
0 0.293 0.100 0.167 0.196
0 0.077 0.210 0.152 0.263
0 0.330 0.442 0.144 0.217
0 0.805 0.550 0.159 0.229
