1 0.535 0.625 0.255 0.338
0 0.470 0.140 0.228 0.225
0 0.592 0.368 0.181 0.248
0 0.838 0.297 0.181 0.248
0 0.770 0.430 0.181 0.248
0 0.738 0.582 0.181 0.248
0 0.827 0.627 0.155 0.212
0 0.824 0.740 0.155 0.212
0 0.788 0.842 0.155 0.212
0 0.907 0.752 0.155 0.212
0 0.063 0.146 0.123 0.242
0 0.214 0.115 0.191 0.225
0 0.773 0.120 0.211 0.235
2 0.653 0.065 0.069 0.121
2 0.361 0.908 0.066 0.071
0 0.383 0.345 0.153 0.227
0 0.116 0.428 0.153 0.227
0 0.137 0.927 0.139 0.146
0 0.263 0.927 0.139 0.146
0 0.077 0.868 0.152 0.181
