1 0.308 0.693 0.281 0.377
0 0.411 0.328 0.175 0.215
0 0.347 0.378 0.175 0.215
0 0.706 0.464 0.147 0.215
0 0.848 0.328 0.175 0.215
0 0.926 0.774 0.148 0.235
0 0.480 0.885 0.148 0.229
0 0.070 0.652 0.136 0.196
0 0.078 0.396 0.153 0.217
0 0.172 0.290 0.156 0.217
0 0.570 0.163 0.200 0.237
0 0.696 0.237 0.152 0.225
0 0.923 0.617 0.150 0.225
0 0.659 0.456 0.097 0.212
0 0.734 0.084 0.152 0.165
0 0.826 0.084 0.152 0.165
2 0.281 0.226 0.056 0.073
0 0.805 0.657 0.147 0.215
0 0.248 0.091 0.161 0.177
0 0.215 0.902 0.211 0.183
