1 0.516 0.423 0.164 0.233
2 0.349 0.475 0.052 0.058
2 0.429 0.577 0.052 0.058
2 0.041 0.613 0.044 0.071
0 0.152 0.346 0.205 0.267
0 0.104 0.095 0.148 0.185
0 0.075 0.146 0.147 0.188
0 0.263 0.148 0.181 0.192
0 0.401 0.097 0.180 0.190
0 0.673 0.673 0.169 0.208
0 0.720 0.895 0.141 0.210
0 0.491 0.895 0.141 0.210
0 0.692 0.472 0.159 0.206
0 0.811 0.191 0.128 0.185
0 0.931 0.101 0.138 0.198
0 0.534 0.670 0.163 0.223
0 0.444 0.732 0.163 0.223
0 0.302 0.768 0.170 0.210
0 0.537 0.201 0.150 0.190
0 0.655 0.251 0.150 0.190
0 0.770 0.048 0.167 0.092
