1 0.404 0.740 0.236 0.292
0 0.333 0.452 0.166 0.258
0 0.083 0.190 0.163 0.258
0 0.223 0.331 0.167 0.233
0 0.147 0.467 0.166 0.233
0 0.212 0.604 0.167 0.233
0 0.133 0.658 0.166 0.233
0 0.080 0.822 0.158 0.206
0 0.537 0.918 0.161 0.165
0 0.678 0.769 0.166 0.208
0 0.773 0.761 0.122 0.223
0 0.838 0.711 0.181 0.269
0 0.943 0.621 0.114 0.229
0 0.937 0.905 0.127 0.190
0 0.868 0.294 0.161 0.183
0 0.709 0.302 0.248 0.258
0 0.557 0.093 0.161 0.181
0 0.460 0.396 0.161 0.183
0 0.574 0.583 0.161 0.183
2 0.256 0.749 0.056 0.094
2 0.197 0.780 0.056 0.094
2 0.295 0.907 0.056 0.094
0 0.222 0.081 0.184 0.158
