1 0.587 0.576 0.361 0.415
0 0.205 0.803 0.166 0.206
0 0.181 0.597 0.166 0.206
0 0.417 0.857 0.166 0.206
0 0.719 0.830 0.144 0.194
0 0.934 0.845 0.133 0.206
0 0.809 0.929 0.153 0.142
0 0.069 0.802 0.134 0.217
0 0.077 0.923 0.142 0.154
0 0.314 0.258 0.144 0.208
0 0.090 0.256 0.145 0.163
0 0.916 0.185 0.164 0.208
0 0.927 0.510 0.145 0.208
0 0.679 0.127 0.145 0.208
0 0.340 0.469 0.145 0.208
0 0.495 0.087 0.178 0.171
0 0.447 0.276 0.178 0.173
0 0.198 0.395 0.180 0.190
0 0.841 0.376 0.175 0.206
0 0.650 0.276 0.150 0.181
