1 0.346 0.286 0.198 0.252
0 0.450 0.680 0.172 0.219
0 0.536 0.247 0.172 0.219
0 0.627 0.621 0.141 0.196
0 0.781 0.713 0.141 0.196
0 0.725 0.748 0.141 0.196
0 0.616 0.874 0.195 0.227
0 0.388 0.552 0.153 0.183
0 0.235 0.792 0.202 0.237
0 0.164 0.097 0.172 0.190
0 0.349 0.117 0.155 0.167
0 0.721 0.094 0.173 0.183
0 0.895 0.376 0.173 0.185
0 0.901 0.503 0.173 0.185
0 0.927 0.618 0.147 0.202
0 0.798 0.311 0.147 0.202
0 0.716 0.236 0.147 0.202
0 0.731 0.380 0.147 0.202
0 0.731 0.433 0.163 0.208
0 0.692 0.438 0.163 0.208
0 0.628 0.483 0.163 0.208
0 0.173 0.604 0.191 0.217
0 0.808 0.925 0.197 0.150
0 0.070 0.881 0.138 0.237
2 0.189 0.267 0.059 0.096
