1 0.113 0.546 0.222 0.296
0 0.276 0.645 0.167 0.252
0 0.295 0.346 0.125 0.221
0 0.372 0.354 0.125 0.221
0 0.359 0.210 0.108 0.179
0 0.527 0.674 0.144 0.223
0 0.588 0.919 0.164 0.163
0 0.643 0.919 0.164 0.163
0 0.662 0.603 0.152 0.210
0 0.790 0.503 0.152 0.210
0 0.558 0.470 0.181 0.215
0 0.792 0.903 0.153 0.194
0 0.059 0.778 0.116 0.215
0 0.053 0.265 0.103 0.267
0 0.566 0.085 0.205 0.167
0 0.857 0.601 0.152 0.210
0 0.834 0.691 0.152 0.210
0 0.815 0.809 0.152 0.210
0 0.947 0.845 0.106 0.206
0 0.910 0.161 0.180 0.294
0 0.784 0.202 0.177 0.258
2 0.575 0.237 0.066 0.096
2 0.666 0.227 0.066 0.096
2 0.503 0.096 0.066 0.096
0 0.533 0.367 0.172 0.221
