1 0.752 0.752 0.188 0.246
0 0.373 0.346 0.163 0.246
0 0.505 0.280 0.161 0.190
0 0.473 0.459 0.161 0.190
0 0.499 0.509 0.161 0.190
0 0.910 0.398 0.167 0.254
0 0.932 0.507 0.136 0.219
0 0.816 0.557 0.136 0.219
0 0.768 0.497 0.136 0.219
0 0.709 0.478 0.136 0.219
0 0.634 0.434 0.136 0.219
0 0.880 0.178 0.136 0.219
0 0.816 0.164 0.136 0.219
0 0.676 0.141 0.136 0.219
0 0.218 0.889 0.136 0.185
0 0.090 0.759 0.136 0.185
0 0.095 0.251 0.136 0.185
0 0.101 0.390 0.158 0.212
0 0.137 0.463 0.158 0.212
0 0.152 0.090 0.155 0.158
0 0.254 0.106 0.155 0.158
0 0.274 0.144 0.155 0.158
0 0.924 0.807 0.152 0.219
0 0.590 0.954 0.145 0.092
0 0.368 0.746 0.177 0.221
0 0.315 0.613 0.177 0.221
0 0.237 0.577 0.177 0.221
2 0.239 0.279 0.066 0.096
2 0.595 0.171 0.052 0.079
0 0.080 0.620 0.158 0.206
