1 0.234 0.515 0.233 0.283
2 0.730 0.625 0.086 0.071
0 0.468 0.297 0.183 0.235
0 0.395 0.198 0.127 0.196
0 0.646 0.386 0.155 0.177
0 0.757 0.380 0.189 0.190
0 0.449 0.514 0.189 0.223
0 0.418 0.664 0.189 0.223
0 0.312 0.778 0.189 0.223
0 0.495 0.872 0.189 0.223
0 0.704 0.853 0.189 0.223
0 0.883 0.319 0.184 0.179
0 0.902 0.214 0.189 0.190
0 0.740 0.120 0.164 0.206
0 0.211 0.175 0.203 0.254
0 0.116 0.267 0.172 0.242
0 0.069 0.395 0.134 0.256
0 0.062 0.533 0.122 0.258
0 0.059 0.656 0.116 0.212
0 0.059 0.752 0.116 0.212
0 0.101 0.848 0.127 0.217
0 0.089 0.941 0.144 0.119
0 0.396 0.054 0.145 0.104
0 0.500 0.078 0.141 0.152
