1 0.612 0.174 0.280 0.344
0 0.370 0.309 0.219 0.202
0 0.413 0.068 0.170 0.131
0 0.938 0.268 0.122 0.227
0 0.281 0.157 0.156 0.206
0 0.186 0.485 0.141 0.183
0 0.545 0.429 0.141 0.183
0 0.637 0.431 0.141 0.183
0 0.711 0.408 0.141 0.183
0 0.742 0.365 0.141 0.183
0 0.825 0.319 0.141 0.183
0 0.916 0.667 0.141 0.183
0 0.947 0.487 0.106 0.221
0 0.516 0.942 0.139 0.117
0 0.570 0.589 0.177 0.177
0 0.365 0.800 0.139 0.163
0 0.070 0.576 0.138 0.265
0 0.195 0.803 0.180 0.256
0 0.116 0.222 0.178 0.256
0 0.105 0.091 0.145 0.177
0 0.450 0.485 0.141 0.183
0 0.447 0.631 0.141 0.183
